Personenregister.

Aba ο. 88, 287. 28⁶. ο. 40, τ. ο. 51.
Abba 0. 41, 100. 42, 249. 273. 0. 48.
0. 49. .

Abbioho 0. 48. Abbigo 0. 48.

,411110τί 0. 61. ’ ·

Aba 0. 48. Abho 0. 34. 0. 40, 18. 41, 90.
ο. 47. 48. 49. 51. ⁵4. Appo ο. ’1, ⁵8.
39,192.(8011. 478.) 42, 217. 314. 0. 67.

Aegon 42, 213.

Adahart 4, 116.

Adalbiro 3, 189. 8, 14. (8101011 Adel-
buroh 8, 4.) 92.

Adalbirn 38, 64.

Adalbrah 42, 136. Adalbraht 3, 86.
(8011. 167.) 38, 98. 244. 39, 64. (8011.
298.) 41, 40. Adalprat 3, 98. (8011.
144.) 144. (8011.214.) Adalbaeeht 3,
8. (8011. 198.) 61. (8011. 2.) Adol-
braht 3, 113. (8011. 144.) 38, 36.
Adelbrat 0. 48. Adelbrath 38, 116.
0. 61. 0. 67. Adelbreht 3, 23. (8011.
8.) Adelbreth 4, 86. 42, 184. 214.

Α80111010 3,189. Adalburoh 38, 309.
Adelbnrob 8, 4. 38, 132.

Adalfrit 8, 38. (sch. 4ο.)

Adalgart 3, 38. (8011. 132.) 131. (8011.
243.) 8, 38. 144. 42, 208.

Adalhah 42, 18.
Adalhalm 38, 270. Δᾱο11101111 0. 62.

Anguem 6, 4⁵. 39, 01. (soh. ιω.)
0· ο

,41101110ῐί110 39, 77. , .

Adalhart 3, 7. (8011. 162.) 78. (8011.
1 13.) 90. (8011.113.) 100. (8011. 123.)
4, 16. 113. 7, 87. 39, 210. (8011. 603.)
41, 39. 81. 42, 181. 0. 61. 0. 68.

Adalheicun 3, 67. (8011. 1“34.)

Adalheit 0. 68. Adelheit 0. 67. 0. 68.

Adalhor 0. 49.Αᾱο11101· 38, 180. Adel-
here 38, 3. 141.

Adulint 38, 81.

Adalman 39, 63. Adelman 8, 7. 0. 48.

Adalmor 0. 49.

Adalmunt 4, 73. Adelmunt 4, 74.

Adalot 4, 118.Ad0101t4, 110. 8, 8. 39,
213. (8011. 606.) ,41101011 6, 180.
(8011. 621.)

Adalram 39, 178. (8011. 431.)

Aaalrath 38, 128.

Adon-ih 3, 4. (8011. 127.) 0. 61. 0. 67.
eomes 8, 147. 41,107.-110.

Adalruint 3, 118. (8011. 246.) 41, 63.

Αο0110011 38, 63. Adultag 41, 49.

ΑᾱιιΙὲι-ιιᾱ eomitissa 8, 18.

Adalger‘l, 68.38,142. (seh. 361.) 42, Adalwin 0. 66. Adelwiu 0. 48.-

134. Adelger 4, 10. 38, 240.

0. 67.
“ 24

