98, 54. 444. 442. 1⁵o.39, 29. (sou. -niohart 4, 29. ε, 84. (sch. 293.) σ,’

172.) 42, 61. 65.

Regenmer 6, 120.

Regenmut 38, 133. Reginmunt 5,
128. (8814. 530.) 7, 21. 122. 118ςὶ-
44414441 38, 96. 39, 60. (8814. 257.)

82. 8, 2ο. 0. 34. 39, e. (soh. 474.)
71.(s011.2⁵2.) 100. (soh. 303.) 15⁶.

ξὲοιὲρῗἒ.) 41, σε. 42, 444. 228. 0.

Richere 4, 101. 8. 48.

1183844811 8. 59. 118ςί441411 38, 138. Riohgart 6, 63. 11114ς841 38, 5.
165. 183. 39, 85. (8814. 267.) 101. 1111814128 8. 57. 11114188 ’4, 101.
(son. 313.) 44, 37. 88. o. ⁶1. ⁶9. Richmunt 44, 88. nihmunt 4, 448.

Reginoldus 38, 8.
Regenwart 6, 22. 38, 192. Reginwart
aegil 8, 424.
Regilint 0· ⁶⁷⁰
Regimen 38, 250.
Reginbertus comes 7, 100. 101. 102.
Reginbolt 39,-205. (8814. 490.)
Regindrud 4, 43:
Regingunt 39, 49. (8814. 198.) 105.
(8814. 325.)

, meginhart ⁶, 156. (soh. 498.) 8, 79.

7, 60. 61. 71. 81. 42, 110. 190. 212.
comes 6, 90.

Reginhoh 38, 309.

Regini 41, 66.

Reginiu 38, 57. 59.

Regino 41, 64.

118ςί44ευί141 3, 66. (8814. 125.) 8. 49.
comitissa 4, 93.

Regunar 44, 68.

1181444140Ῑέ 38, 192.

Roiuboto 5, 127.

1181441τί141 5, 84. (8811. 315.)

1184448448 8. 51.

1181481140 8. 59.

1184411718 38,131. 11811718 8, 48.

11811148 40, 20.

1118141411 39, 206. (8814. 493.) 11181414811
39, 166. (8814. 421.) 1111414811 38, 52.
39, 207. (8814. 498.)

1118181118 42, 48. Rihburg· 8. 34. 39, 9.
Rihpurc 8. 57.

Riogoa 7, 44. Riohcoz 40, 64.

Riohalm ο. 57. ,

- 11181481· 7, 48.

42, 308. 8. 51. 1114444481 38, 268. 11114Φ
mut 38, 164. 42, 478. Rihmundi·
Βίιῗῖ141ῐὸὃ6, 85. 93. 44, 68. ο. 51. 57.
Richolrua opi-oopus 3, 164. (8814.
Βὶῖἷῗ2ὴ1 8. 59. 111144418ὴὺ 5, 53. (8814.
211.) 41,56.1111η41·814139, 1. (8814.
Rigzlssgd 42,46.1111414·14142,31.8. 56.
Rihger 44, 68. 8. 52.
Rihlint 40, 24. Rilint 3, 196. 8. 67. 58.
11114441844 38, 90. 8. 58.
11114ευί411 38, 250. 40, 19. 42, 5.
111444οεὺ8141 6, 39. 111811εέ8114 6, 89.
Ringolf 3, 44. (8814. 14.)

- 1144404439, 439. (soh. 373.)

nitunt 38, 244. 40, 79.

11197144 6, 47.

118ᾶί148 8. 51. Rudiae 4, 32. 7, 17. 38,
210. 39, 127. (8814. 356.) Rudincu
ε, 74. (soh. 273.)

nouare 41, 48.

110141448 3, 108. 5, 9. 38, 67. 190.

Roho 3,45. (8814.35.) 5, 112. (8814. 1 19.)

Roman 38, 219.

Romunt 42, 258.

1189828311, normannus, 8. 32·.

nubo 3, 116. (soh. 236.) 42, 1⁵. 73.

1114881144 3, 218. (8814. 611.)

11448584· 6, 163.

11148ςί8 40, 73.

1114818148 8. 48.

Rada 39, 164. (8814. 424.) 42, 181.

Rudogor 38, 106. 39, 15. (8814. 46)
42, 195.

