1oe

· 1010510111 5,154. (8011. 532.) 42,21. 1101011113, 91. (8011. 103.)

10111ςο11 0. 57.

10010111 7, 29.

lta 0. 55. 56.

11011 38, 48. 11111 42, 191.

ui 0. 51.

[1101101011 4, 22.

1111111111 39, 16. (8011. 88.)

110 0. 59. -

ludite 0. 55. 57.

lungun· 42, 283.

111110 0. 59.

lvo 42, 61. 0. 58. 59.

Κο110111011 39, 225.

110110111οἈ nus rex. 39, 79. 42, 165.

Karalus imperator 4, 11. (8011. 45.) τοι
o. 33. ο. 39, 141. (8012. 01.)

Κο101100 38, 152.

Knuz 6, 136.

Κ111111110111 4, 16. 1111005101 58, 102.
Κ11’111111·0111 42, 168. 11110111011110
eomes 4, 125. Κ111111110111 ema 4,

Runiz 42, 172.

1(ηηίκο 0. 57.

- Kuno 38, 211. e. 54 58. 59.
’ Lumbre’th 3, 83. (8011. 3001101110-

101118, 30. 0. 34. 0. 38, 281. 42, 270.
1101101051 42, 14.

1101111111 3, 68. 75. (8011. 96.) 109. 5,
28. 1-26. (8011. 448.) 0- 48.

Laniger 42, 159.

Lantgoz 3, 205. 0. 57.

110111011ν 5, 49. (8011. 253.)

Leobperga 4, 38.

111... 42, 84. ο. 511101... ι, no. 11.
(5011261.)

1111101111 39, 35. (8011. 147.)

1111101111 0. 55. Libet-ioh 0. 48.

1111111010 0. 57. 111111101138, 25.

11111111111 38, 111.

111011ςο1· 6, 156.

Liebolf 39, 84. (8011. 268.)

111οὴ001111 0. 57. 111111100111142, 315.

‚ [11011101 0. 57. 11111101 0. 59.

1110080116, 65. Lipgart 621. 0. 51.

111ορ105 5,116.(8011.175.)

Lingolf 0. 57. -

1111111011 39, 19. (8011. 171. ) ο. 51.

1110111111 4, 8.

1110111011 0. 48.

Liubbiro 6, 12.

1110111110 0. 34. 38, 82.

Liuhwart 8, 37. 0. 47.

1111111οι11 0. 57.

1111111011 0. 55.

111111110113, 160. (8011. 191.)

1111111101ςο 39, 61. ’(8011. 153.)

[1111150111 0. 48.

1110111011 5,139. (8011. 430.)

11101510111 3, 159. 38, 50. 95. 179. 40,
12.111111ρ10111 5,129.(801. 269.)
38,237.

1110151001 7,104. 58, 74. 266. 42, 199.

111111ος01· 7, 91.

1111111114 6, 141. 38, 120.

111111ςο11 0. 48. 57.

1110111011 42, 130.

1.01110111111 3, 18. 6, 86. 114. 135. 42, 1110111010 0. 57.

11011111ος 44, 65.
1100111011 ο. 50.

1101111111 5, 91. (8011. 335.)
Latmo 0. 49. 58.

11011101 40, 44.

Lintolf 38, 291. comen 110 Saxum 41,
1111ξῖ00101 3, 65. (8011. 157.) 42, 254.
1110111011 38, 236.

1111120 0. 55. 1111100 0. u.

1111110160 a 7, 24.

Laidem 4, ⁰2. me: 03. (sot. 210.) Labeone 42, 233. 10110115 a, 123.

comes 3, 32. (80117.) 42. (soh. 25.)
43. (8011. 3.)

(soh. 240.)

11110010 0. 54.

 

