Freibraht 0. 5, 6. (800. 101.)
Ρ1000101801 3, 151.
1111000 39, 16. (8οὴ. 88.) 40, 58. 11110-
000 39, 223. “ ·
Ρ11110018ὴ1 5, 124. (800. 280.) Frie-
debraht 38, 21.

Fridoburoh 6, 144. Fribureh 1, 1.

1111110301 0. 48. 0. 51. Frinigor 39,
164. (soh, 424.)

Fridegis 42, 229.

Ριῑᾱοςοι 41, 58. .

Fridohart 7, 53. 41, 108.

Fridehelm 3, 199. (800. 580.)

1·“116018 00 38, 300.

1111110110 0. 52.

1111110181· 3, 33. (800. 44.) 38, 31.

1111601100 38, 123. 191. 1111110110 6,
34. 7, 52. 38, 31139, 117. (seh. 375.)
208. (soh. 502.) 40, 73. 42, 305. 0.
58. 59. Γ1160110118 imperator 0. 63.
dux, 111108 0000181111οψ 0. 63. 110
Τ111ὴο011ος00 0. 63.

friderun 6, 144. 42, 234.

Ὲ116080101 0. 48.

fridewart 41, 91.

‘ « 1111601010 5, 120. (800. 293.)

Fridolf 1, 108.

Fridurint 1, 50.

1111601110 1, 1. 111111οπ10 1, 108. ‘
Friosbure 1, 108.

Friesgart 1, 108.

Frigart 1, 1.

Froholf 40, 32.

1110181 3, 138. (800. 211.)
Fruowerat 39, 62. (800. 161.)
Frowin 3, 41. (800. 31.)

1111111000 5, 96. (800. 369.)
Frumeger 39, 185. (8011. 439.)
Ὲ10100001 3, 96. 44, 68.

1111101010 0. 59. .
1111110011 42, 96. 1110101139, 159. (800.
1711110 42, 101.

11101011 38, 12.

1111001111 0. 58.

108

8801010011 39, 12. (800. 264.)

(18010811 42, 28.

0011ος0 0. 51.

(10000811 3, 29. (800. 28.) 138. (800.
217.) o. 58.

Geberih 39, 201.

“ (1000101139, 5. (800. 515.)

(1000801111 4, 2.

801117, 4. 31, 37.

(10110 1, 105. ,

(10οο11 8, 21. 0. 34. 41.

80118 38, 175. 0. 40. 54. 55.

Geilo 38, 73. 40, 65.

(10111813, 91. (800. 81.) 98. (800159.)

(1011111111 1, 8. 30.

(1016106 1, 1.

(10110000 0. 48.

(10110181 38, 146.

Geltrat 42, 146.

Geltsuint 1, 109.

(1010010 0. 48. 80111110 0. 49. (101-
01108 42, 80.

(1010010 5, 46. (800. 291.)

(10101801 5, 51. (800. 233.) 6, 102. 1,
16. 117. 38, 101. 42, 80. 193. 42,
211. 280. 60101813, 59. (800. 131.)
(1010180 42, 315.

(1016106 39, 98. (800. 302.)

(1010811 3, 55. (800. 514.) 1, 62. 38,
182. 41, 54. 42, 71. 166. 188. 272.
0. 48. 51. 58. 59. eomes 1, 14. 86.
39, 55. 56. (8011. 184. 185.) 42, 55.
Gen-hardus 000108 60 Nun-iuges
0. 63. 000108 60 wertheim 0. 63.

8010111 4, 69. 38, 36. comitissa 4, 58.

(101000 42, 231. ·

(10118οὴ 6, 149. 0. 58. (101180 39, 9.
(800. 466.) 0. 58. Get-lacus 60
8180111181 0. 65.

(1011010 39, 69. (1011111 6, 116.

(10111111 39, 113. (800. 411.) 42, 43.

(1010180 0. 34. 48..

German· 8, 31. 0. 34. 41.

80101001 3 194. (800. 318.) 39, 2.

26

