6011401011 38, 269. “

6011400110 40, 60. 8110410110 6, 30.

60040101 6, 27. 39. 40, 26. 42, 80.

“ 204. 273. x

6011401011 39, 60. (8011. 227.)

6004011108, 16. 0. 34. 47. (10111πί0
38, 291.

611114111νί11 42, 286.

611114011 42, 226.

611110 41, 3.

600111014110 4, 76. 6110111011 40, 3.
42, 9. 88. 286.

600111011110 episeopus 38, 29. 611111-
11010 41, 43. 6111111101 6, 113. 38,
04. 118. 132. 166. 4ο, 18. 40. o. 30.

6110111111 3, 162. (8011. 189.) 39, 29.
(8011. 172.)

6001101008 6, 66. 6111111010 3, 137.
(soh. 183.) 212. (soh. 4⁶2.) 8, 123.
126. 42, 189. eones 3, 114. (8011.
412.) 213. 214. (sch. 401. 484.)

6011111111 3, 122. (8011. 232.)

6111120 39, 36. (8011. 147.) 0. 66.

Gunzmnn 0. 49.

6111100 38, 171.

6111111οΙ11 ο, 47.
61110101 42, 132. 6111101 ο. 61.

Gathar· 6, 13. (8011. 176.) Gustu-1
41,111.

6111111011 38, 83.

cutm-1· ο. 61.

61110 6, 162.

61100 0. 48.

namnu- 6, 166. (8011. 496.)

flabo 7, 10. 38, 296.

0.’ 66. 67.

105

110401011011 6, 11. 8040100011 42, 306.

1104011101 8, 3. 0. 34. 0. 38, 10. 162.
186. 1104001010. 47.

1104οε01111 41, 106. ²

1104ος01 39, 124. (8011. 360.)

110401110139, 20. (8011. 162.)

1104011011 3, 61. (8011. 163.) 80401111
44, 68· Hederih 35 ¹⁰⁶· 204· (80161

1104011 41, 2.

1104011 41, 30.

1104110011 6, 88.

1104011011 episcopa-‘38, 263.

Hagen«) 3, 29. (8011. 28.) 38, 76. 39,
191. (8011. 464.) 0. 48. 61. lingone
40, 42.

11011301 41, 86.

11010110 38, 134.

11010111111111039, 76. (8011. 266.)

Halpwnlah 3, 64. (8011. 126.)

Haltuwin 4⁰, 68.

1100100117, 114.

1100110 6, 174.

“ 1101111111 e. 61.

Hangss 7·, 124.

Barim-obt 3, 20. (boh. 24.)

1101111111 3, 37. (8011. 38.)
8011010138, 33. 11011101 3, 140. (8011.
111111ςο1 38, 60. 39, 36. (8011. 170.)
Hssl'tmfln 39, 46. (seha ⁶6⁸5) θα 513
Ηο111101113,29. (8011. 28.)

Hal-tuit 42, 24.

110111011 6, 87. (seh. 861.) 42, 292.
Hartwio 38, 269.

1100110 6, 61. 39, 66. (8011. 248.) 174. 1101111111 38, 271.
(8011. 417.) 42, 99. 196. eone· 69, 1101·ῐί comos 38, 266.

138. (soh. 114.)

Basso 0. 48.

11040111οὴ1 42, 133. 1104001081 3, 1101010111 39,32.’

211. (soh. 123.) 38, o. 41, σε.
110δο110111 38, 186. 243.

110110 42, 124. abban 4, u. ἦ
11017011 41, 26.

1104οδ010 4, 29. 6, 3. (soh. 62.) 68. Haza ο. 68. 69.
· 39, 132. (8011. 376.) 146. (soh. 379.) H 0110111111 39. 89.
41, 61. 1104οὴ111·οὴ 38, 66. 42, OG. 1100110. 0. 61.

0. 61.

110οἰ1 o. 48. 61. 67. 68. 69.
25*

