196

11013111 39, 34. (8011. 116.)

neidolr 44, 08.

110111ος0 38, 109.

1101101111· 0. 49.

Heilrat 3, 81. (8011. 81.)

11011ίυί1111 38, 115.

Heiltilip 0. 49.

Heiltrud 42, 27.

11011110ῐίοὴ 42, 66.

11011110 8, 11. 42, 303. 0. 59.

110111τί000 dux saxoniae 0. 64. de 810·
011 01011110ῐο 0. 63. 1101111111 0. 58. 59.

Heio 4,o5. 6,33. 38, 287. 40,57. 41, 57.

110110 0. 48. 51.

Helena 42, 42.

Helferih 3, 191. (8011. 385.) 0. 34.

Holfpherat 5, 12. (8011. 165.)

Holgrious 7, 17.

Holid 3, 200.

Holidmunt 6, 32.

Holinburg· 3, 94.

1101130 41, 72.

nelmholt 3, 219. 4, 104. 5, 31. (soh.
582.) 6, 75. 38, 14. 100. 42, 141.

Holmbraht 4, 49. 6, 101. 38, 69..

Holmerions 41, 39. Helme‘rih 3, 191.
(8011. 385.) 39, 103. (8011. 318.) 42,
74. 00111011 6, 94. 1101011111 44, 68.

Helmsuind 3, 148. (8011. 143.) 1101111-
301111 7, 93.

11011111ος 41, 35.

Helmuno 41, 39.

Helmwart 39, 152. (8011. 392.)

Holpholf 39, 21. (8011. 111.)

110111111111 41, 42.

Hammo 0. 48. 51. 59. eomes 38, 153.

nora 7, 10.

1101111011 ο. 48.

Heribraht 38, 43. 39, 13. (8011. 41.)
0. 48. 59.

1101111111011 0. 49. 56.

{Iericho ο. 55. 59.

110111τί1 0. 57.

Hel-igis 44, 68.

110111011 6, 140.

1101101011 0.57.58. 59. Ηοῐίιιιιιιιιιιιε 00-
11103 de Bramberoh 0. 63. Hermon
42,218.

Hel-imur 0. 48.·

1101111101 3, 34. (8011. 13.) 110τὶ111111 3,
134. (8011 286.) 38, 252. 40, 78.

Hel-imunt 0. 57.

1101177011 38, 16. 232. 253. 0. 54. He·
1077111142,162.255.Ηο1·πο1·138,80.

Herolf 38, 44.

1101011 4, 116. 42, 253. Hel-old 7, 46.

Herrat 6, 139.

1101001013, 169.

1101100 princeps 0. 64.

11011100 3, 96. 1“13. (8011. 144.) 127.
(3011. 202.) ·

Herwin 38, 47.

Horra 39, 28. (8011. 468.)

Bessi 41, 15. comes 5, 166. (8011. 555.)

Hosto eomes 5, 170. (8011. 565.) 38,
237.41,101.

1101110 6, 44.

Hewin 38, 114. 277.

1110001171 0. 57.

nudarat 7, 1. 2. niltrat 0, 124. 7, 41.
42,150.

11116οπ111 4, 19. 42, 16. 17. Η11107ν111
0. 57. niltwin 3, 170. 4, 71. 7, 36.
40, 36.

11111110101116, 74. Hiltemunt 38, 116.
1111101001 0. 48.

111101 44, 68.

nil ta 6, 41. 38, 24. 42, 78. 100. 293.
296. 0. 51.

111110110115, 44.

1111101110111 4, 8. 0. 51.

1111101113111 38, 285. comos 40, 15. Hil-
tibrnnt 42, 26.

Hiltoburo 39, 138. (8011. 377.) 182.
(8011. 435.) 0. 56. 0. 57. Hiltobureh‘
39, 171. (seh. 423.) nntium-oh 39,

Hiltegardn 3, 79. (8011. 60.) 1111113011
0,32.42,202.

