1oe

6166 41, 116. 661666 4, 81 -6. 41, 86161111 42, 206. 44, 68.

61. 62.

8616111111 42, 266.

8616636142,10. 86111ς6142,86. 120.
126. 114. 810. 6. 68. 86111ς61 42,181.

86166366 4, 100.

8616616166 6, 88.

8616611116 6, 81. 86161116 44, 68.

8616161166 6. 84.

861111611 88,101. 161. 42, 121. 861·-
16116. 68.

8611111111 8, 201. (8611. 288.)

8616 6, 80. 61. 101. 42, 84. 66166641, 86.

Bernharius 8, 48. (8611. 26.) 86111-
11616 8, 02. (8611. 12.) 88, 164. 42,

8616116116 6. 68.

8616116116 6. 68.

86166611 42, 68.

8616611166 661666666 41, 18. 81. 861·-
6611 6,161.

86161616,110.

1361611611 6, 26. 02. (8611. 884.) 106.
(8611. 884. Y)

8616 42, 66. 6. 60.

8611116 6. 60. 8611116 6. 61. 68.

861111616 88, 01.

8611111116 42, 11.

86116111 42, 216.

8611111616 88, 261. 86116116 88, 280.
808. 86161116 6, 144. (8611. 462.)

. 8611111111 6, 16. (8611. 116.)
8611111161 6, 66. (861166. 210.)

8611166ς 42, 262.

8611116161· 88, 204.

86111616 6, 61.

8611111111 8, 168.

8611161666 8, 188. (8611. 806.) 8611-
111166 42, 261. 8611616161 8, 128.
120. (8611. 228. 222.) ·

8611111611 6, 180. 86111161 42, 10.

1361611611· 80, 222. (8611. 686.) 861-
welf 88, 262.

8611611 661666 40, 6.

86111616 44, 08.

861116 80, 212. (8611. 604.) .

86116 8,168.161.116.6.·4.8

8666 6. 40. ·

8666 6. 61.

816666 6, 6. 16.

Bikko 88, 264.

8116 41, 01.

81115611 conitien- 8, 60. (8611. 100.)

81116111 88. 200. 40, 28.

81111161 8, 84.(8611. 180.) 8111611666
88, 288. 8111166 eomitissa 4, 88. 84.
81111161 40, 41. ν

811166 6. 66.

8111666 80, 202. (8611. 402.) 41, 62.

8111616 88, 220.

816616 661666 80,66.(8611.184.)

81161116 40, 61.

81116116 42, 128. 260. 261. 8116116 42,
181. 281.

8166 6. 61. 666166 40,11. -

81116161( 6. 60.

816616161 4, 26.

ming-er 44, 68.

8116611 6. 61.

81166161 88,188. 180.

81166166 88, 181. '

811111111 80, 114. (8611. 828.)

81116161 8,168.

mittum· 41, 61.

86661666 6,10. ·

86666 42, 124. 6. 61. 6616666116 4,111.
661666 8, 216. (8611. 626.) 80, 188. -
(8611. 880.) 42, 801. 821. 6611166661-
166116666 6. 68.

8616 4, 10.

8666116 6. 40. 8666611611 42, 141.
86666116116,60.8666116116,60. 8.

8666 40, 1. 41, 01. 86666 80,
(8611. 640.)

86161161 6. 61. -

8616 6, 10. 80, 18. 41, 21. 6.- 61.

8166111666. 60. ·

816666 80, 28. (8611. 66.)

220.

8116616116 88, 108. 8166616116 88,81.

