Met-gart 0. 57.

1101011 42, 202.

1110110110 5, 37. (8011. 231.)

Mezelo 0. 51.

nichel 0. 58.

uilo 6, 80. 98.

Minna 39, 5. (8011. 515.)

11011110 42, 123.

Morialdus 4, 88.

Πο111011 38, 299.

Mol-unc 42, 178.

1101110111 7, 129.

Maelo 0. 59.

1110111010 5, 119. (8011. 292.) 38, 150.
liutheri 44, 68. liutherus 42, 281.

Ν11111100110 0. 55.

Ν1111110 0. 58.

Ν11111111111 38, 11.

Nanzo 0. 51. 57.

Natalia 6, 142.

111011ος01 3, 88. (8011. 71.) ·

1101141111 40, 13.

Νο11110111111 0. 54. ,

Νο1111101 3, 102. 1700111010 3, 121.
(8011. 290.) 4, 64. 0, 11.

Nidger 5, 24. 32. (8011. 204.) Nithgo-
rus 4, 46.

N iduno 40, 82.

Nitgoz 39, 123.

Ν11111111 4, 92. 133. 38, 24. 39, 159.
(joh. 400.) 41, 8.

Νο1111011) 7, 128.

Nordalach 42, 102. 1101401011 comes
7, 31. -

Nox-dilus 38, 00.

Nol-do 0. 59.

Non-dunc 38, 1. 0. 59.

North ruht 3, 36. (8011. 9.)

Νο111111111 39, 204. (8011. 499.) 41. 101.
44, 68.

Nortwib 0. 56. Notwib 0. 56.

odalhnrius 42, 104.

0401101111 0, 7.

Odalwih 7, 77. 85.

0110111111 39, 163. (8011. 413.)

odilo 44, 08. 01110 38, 158.

Odiltag 41, 4.

Orto 38, 289. 0. 51.

0ςο 38, 210. 0. 48. 50.

Oigo 0. 48.

0111 0. 48.

oneip 0. 57.

optant 4, 122. 39, 180. (soh. 441.)
oppraht 4, 72. 42, 108. optolit 6,

0111011 7, 91.

01111111 39, 137. (8011. 384.)

01101011 0, 145.

011111) 42, 68.

Ortolf 41, 85. .

01111111 3, 212. (8011. 452.)

01111111 0. 65.

Osanna 0. 34.

00011110. 51.
Osigo 0. 48. 51.

Ostac 41, 44.

nathir 39, 97.

ou 42, 2⁵0.

Otaoarus 42,104. Otakar 3, 17. (8011.
49 11. 30.) 107. 170. 178. 01001101
3, 30. (8011. 5.) otkarius 3, 47.
(8011. 42001ςο11 40, 25. 01ςο1 3,
197. 7, 76. 38, 50. 0. 51.

01111110 8, 29. 01111110 0. 57.

otfrid 4, 105. 39, 141. (8011. 348.) 44,
08. Otfrit 0. 48.

otgoz 42, 05. 103.

01111111 0. 52.

01111110111 38, 175. 0111111111 3, 07. (8011.
158.) 0111111111 38, 40.

othelm 38, 122. 39, 42. (8011. 82.) 80.

. 01101111 0. 48.

omia 0. 48.

ouint 6, 100.

otmar 3, 101. (8011. 159.) 39, 121.
(snb. 36⁷.) 44, 68.

otolf 0. 8, 29. 0. 34. 47. 50. 52.

0t01t 38, 208. 41, 89. 42, 301.

utram 6, 14. (sch. 2¹74.)

otrih 0. 48. 51.

 

