1⁹4

(806. 378.) 140. (8011. 391.) 148. 6010610610. 68.

(8011. 387.)

60111001 0. 48.

6011101 0. 61.

6010 0. 48.

601011 3, 206. 38, 85. 0. 48.

601101 6, 87. ο. 66.

60111011 6, 76.

60100101 3, 169. 38, 10. 41, 68. 42, 98.

60110141, 37.

6010110 42, 119. 0. 54.

60111111 38, 106. 42, 282.

60101011 0. 48. 49.

6011111011 7, 36. (iel-wie 4, 123. 6, 119.
7, 6. 106. 60101111 7, 32.

60111111 42, 264.

6010301 3, 190. (8011. 380.)

600 ego 0. 61. ‚

G‘eyno 42, 33. ··

6000 0. 66.

60001011 0. 68.

6000 0. 48. 61. 67. 68.

60011111 0. 68.

61610110 41, 100.

61061 41, 94.

6110 7, 67.

6100161016 42, 92. 6100161061 0. 68.
6100161016 0. 68. 6100161061 6, 81.
61001601100 40, 40.

610016010 6, 66. 6100111010 4., 27.

610010 0. 68. ,

6100111111 3, 130. (806. 190.)

6100111111 6, 102. (806. 401.)

6100 7, 130. de 10000110 0. 63.

61101110 40, 63.

olis-aut 4, 31. 48. 0. 38, 136.

61006101 4, 87.

6111111110 0. 68.

6011011011οο 42, 274.

6000106111 3, 24. (8011. 37.)

60113011 7, 130.

6011101001οε 39, 160. (8011. 382.)

6011110138, 89.

6016011011 39, 71. (8011. 262.)

6010111000 0011100 0. 63. 001000 01610 do
Νο10116010 0. 63. 60101111 42, 116.

6010601111 6, 93. (8011. 339.)

1101011111 11, 111. (sch. 501.)

60101101 0. 67.

6001010 39, 73. (8011. 269.)

60101010 39, 110. (806. 382.)

601000010 41, 88. 0. 68.

60100000 39, 104. (8011. 697.)

6010 3,11. (8011. 84.) 7, 6.42,276. 279.

6011111100 3, 142. (8011. 192.)

6000 0. 42, 44.

600601100 4, 76.

6006010 6, 31. (8011. 682.)

‘· Gozhraht 3, 162. 39, 52. (soh. 28⁵.)
42, 108. 0011100 38, 237. 6001110111 “

39, 66. (806. 226.)
6001101111 6, 70.
60010111 41, 109. 113. 600116 41, 106.

· 60011100 0. 68.

60011101 38, 214. 283. 42, 9⁷. c. 69.
0011100 6, 149. 6, 164. (8011. 472.)

6000 0. 68. .

600011 4, 82. 0. 69.

60 0001111 42, 206.

Gozuib 4,· 90.

emt 38, 228.

61010οι 6, 162. (8011. 627.) 6, 160. 8,
37. 42, 108.

6101011111 38, 26.

61017011 4, 33.

61111110 3,198.

61110601100 38, 9.

6110161111 6, 113. (8011. 442.) 40, 76.

6111110116, 71.

61100100 39, 31. (8011. 120.)

6101000 40, 47.

‚ Grumprat 6, 20.Ι 6100101016 001000

60831111.οΜ 0. 66.69. cumps-aut 3, 80.
(806. 102.) 0. 34. 6001110111 8, 22.

60111ρο1100 42, 37.
6011110 3, 86. 132. (8011. 130. 232.)

6010110111οο 11011010001100601011 0. 6001100601· 39, 49. (8011. 198.) ,600-

63. Gotebolt ο. 67. 68.

,dechar 38, 22. 39, 37. (8011. 121.) ·

