otto 0, 59. σε. 39, 30. 41. (soh. 124.)
42, 12. 0. 48. 51. 58. 0110 rufus 110-

291

141. 30100100 39, 13. (8οο. 41.)
30101113 39, 47. (8011. 201.)

0010101· 0. 64. dux 4, 136. marchio in 3010110 4, 37. 42, 74.
Saxonis 0. 63. comes 60 301000- 3016106 42, 134. ·

111000 0. 32⁸.
01Ψο113,126. (800. 159.)
Otwin 4, 89. 5, 136. (800. 416.) 38,
0000110 0. 51.
Ρο111101600 001000 60 Ν11000 0. 63.
Ρο101011 39, 80. 001000 60 1100000-
bero 0. 63.
Ρο101111 4, 3.
Βο0011100 41, 73. 3000111110 7, 79.

· 300000. 58.

110011111305. (001147.)
3001101139,189. (0311450.)

3061111 3,13.1 (8011. 243.) 30101111
3, 154. (8011. 220.) 3011116 5, 59.

(800. 365.) 140. (800. 445;) 301-
frit 0. 54.

3061100 39, 113. (8011. 346.)

3011011 0. 59. 30101011 5, 132. (800.
317.) 301011011 38, 130. 39, 57. (800.
186.) 75. 000100 42, 242.

3010011101 42, 263. 3001010111 42,

3010011 7, 55. 0. 52.

30000110 42, 166.

30116011 3, 166. 3001011 42, 70. 3011-
111111ιο 3, 52. (8011. 6.)

3001301 42, 128.

3001010111 5, 141. (8011. 450.)

30011110 5,7. 128.(8011.530.) 42, 196.
30011113 40, 7.

300010 3, 156. (800. 93.) 210. (8011.

3013011110 abbas 42. 153. 3111301100
3, 49. (800. 12.) 3013017, 110. 41,
59. 42, 210. 219. ,

3111301138, 84.

3111301144, 68.

3011101100 3, 46. (soh-15.) 30111010
3, 26. (800. 11.) 29. (8011. 28.) 4,
53. 38, 239. 42, 137. 301010 38,

3010011000 8, 24. 3011101111 ο. 34. 0.
44, 68. 0. 47.

30101113, 150. (8011. 48.) 38, 275. 39,
41. (8011. 124.)

3011001 8, 28. 0. 34. ο. 47.

3010111138, 76. ο. 51. ·

Ratolf 3, 78. (soh. 91.) 5, 121. 0, 137.
143. 38, 28. 274. 40, 38. 39. 0. 48.

3010117, 94. 0. 51.

3111001138, 51.

3010111016, 54. 0. 48. 49.

301170141, 95. natvm-18, 37·

3“011ν1042, 90. 281.

300005, 150. (800. 479.) 3000110 44,
68. 30030 41, 87.

30011 0. 48. 300110 42, 8.

3030001001 5, 176. 3031001001 3,
135. (800. 194.) 182. 4, 17. 5, 37.
(800. 231.) 66. (8011. 210.) 126. 6,
67. 3031001001 42, 215.

3030110010 0. 48. 56. 3031110010
0. 55.

92.) 001000 60 1100030Ψο 44, 68. 00- 1103001111 5, 29. 39, 35. (8011. 147.)

1000 60 11011000οο10 0. 63. 3010010
3, 69. (8011. 65.) 38, 134.

3031011114, 40. 5, 38. (8011. 234.)
38, 179. 41, 103.

3001001 5, 34. 40, 46. 0. 48. 59. 30111- 303003010. 49. 0. 51.
, 01001 40, 36. 3010101115, 70. (8011. 3030011010 38, 85. 195. 42, 256. 0.

211.) 6,111.39, 11. (8011. 20.-)301
11101117, 91. ·
300010 0. 38, 136. 157. 0. 49. 3010010

48. 51. 59. 3030011010 42, 225. 30-
gisshere 38, 293. 39, 221. (8011. 554.)
40, 12. 3031011010 42, 240.

7, 3. 38, 251. 0. 48. 3010111110 38, 3030011111 4, 94. 3031011111 4, 103.

26

