3011010110 5, 50.

3110010138, 31. 42, 87.

3110017111 ο. 57.

11008011 6, 72.

' 30000101 39, 128. (800. 362.)

- 3001000 42, 302.

30001001 5, 48. (800. 256.) 79. (800.
343.) 90. (800. 344.)

3000115, 58. (800. 207.) 7,7. 88. 38,
62.,4283.,.4437 0....49054 58.
come: 5,172.

3011011048. 000100 4, 39. ’

1100οπ10 0. 49.

’ 30001001 42, 53. 30101001 0. 55.
30010111 5, 55. (8011. 229.) 42, 179.
0. 58. 3001001 42, 62. num-at 0. 58.

3000010142, 172.

3001101 42, 8. 301100 42, 86.

30000 5, 52. (800. 213.) 6, 8. 9. 77.

300000 6, 112.

Rufus 000100 0. 63.

11010111 0. 57.

30010011 0. 59.

3001001 0. 59.

1111011010 38, 108. ‘

1100010 38, 217.

30001100 8, 27.

300011 5, 107.

31100100 42, 233.

30110001 5, 10.

30100001 42, 7. 3111001101 42, 6.κ

3010010 3, 209. (800. 39.)

3010011 44, 68.

30100100 6, 830

110101001 3, 35. (8011. 54.) 300101
41, 52.

11011111 39, 139. (800. 364.) 42, 52.

· 301801 42, 63. 0. 52. ·

301810 42, 245.

301800 5, 130. 42, 50. ·

Ruthardus comes 00 Alamannia 40, 22.
1101001000, 30111011 comes 6, 3.
13. 3010011 6, 146. 42, 306. 0. 52.
57. 58. 3000011 6, 99. 3110011011

39, 19. (soh. 171.)

0

“ 1111100101 0. 48.

11010011 42, 114. 1111111010 0. 51. 110-
11101 0. 48.

30101115, 151. (800. 467.) 0. 56. Ru·-
010111 40, 29

3011101 3, 69. (8011. 65.) 156. (8011.
93.) 3000110000 40, 56.

301110 44, 68.

3111010110 7, ·43.

11010101· 42, 93.

30101001 44, 68. 3001111001 39, 36.
(soh. 170.)

1101111140,59. 60.

1101111111 42, 122. 3010110110. 34.

Rutwic 3, 141. (800. 141.) 44, 68.
30001110 38 222.

1101111110 6,108.

80100000. 58.

80101000 6, 150. 38, 2. 206. 80101011
0. 58.

8011011011 38,-37.

8011001010. 34. 80000101 4, 2. 0. 55.

80001010 5, 4. (8011. 104.) 40, 2.
80110101 8, 39. 42, 183.
80110111 8,(7. 8010111 38, 284.

ἡ ’ 80000 7, 24.

80010040, 33.

80001140, 80.

8000100 4, 111. 8001110 0. 51.
801111 0. 59.

§obtin 5, 94. (800. 336.)
80000 5, 151. (8011. 467.)
sibicho 42, 262.

81018011 5, 82. (8011. 281.)
81080 0. 55.

81080 0. 53. 81880 3, 163. (8011. 77.) ’

81800011000100 39, 176. (800. 427.)

sigeboto 4, 1. 106. 0. 58.

sigehardus 00000 38, 306. sigehart
0. 48.

8180001142, 39.

81801101οι0 5, 175.

81801101 0. 48.

818010ἰο 0. 51.
8180100 0. 58. 59. 8188010 0. 58.

26*

