204

sigemar 0. 54.

sigenant 5, 157. (8011. 507.)

sigerum 39, 74. (8011. 260.)

sigen-ap 7, 95. Sigerep 7, 98. .

'sigerat 0. 54.

sigestein 3, 215. (8011. 525.)

sigewart 3, 15. (8011. 55.) 39, 195.
(soh. 5130 195.‘(s011. 513.) ο. 52. 55.

Siggolf44,68.

sigibiren 7, 11. sigibirn 7, 112.

sigibroht0,165.

sigiburo 0. 51.

sigifrid 8, 1. 0. 58. 59. sigifrit
0. 58.

81ςί1000 39, 115. (8011. 394.)

sigimnn 38, 185.

sigimunt 5, 163. (8011.· 529.)

sigirih 38, 244.

sigium ⁷, 102.

sindolt 4, 4. 127. 42, 121.

sintbrnht 5, 62. (8011. 209.)·811111-
preht 5, 35. (8011. 209.)

811110 0.-59.

Sizo 0. 59.

810170 4, 69.

8001001011 3, 55. (8011. 574.) 0. 48.
8110111010 0. 48. 49.

8010 40, 45.

8100110 0. 55. 81000110 0. 55.

staheldrud.42‚295. .

8101011111 39, 17. (8011. 173.) 81010-
frit 0. 52. 55.

8101000110 39, 153. (8011. 389.)

8101011100 5, 171. (8011. 561.) -

81011(οη1 40, 76.

81011101( 38, 163.

stereus 0. 58.

81010111οὴ1 0. 59.

steinolr42,224.290.

80011011 44, 68.

8000011010 38, 118. 39, 63. (8011. 578.)

80011ος011 3, 72. (8011. 142.)

8000ος0 38, 298.

8001001011 39, 193. (8011. 480.)

8000011111 38, 65.

8 uicger 0. 48. suidger 42,101. suid-
1101· 42, 131. 8011101· 8, 10. 38, 160.
42, 3. 4. 129. 250. ο. 48. 50.

suoleste 5, 16. (8011. 115.) 8001010
5, 20. 103. (soh. 115.)

Symonidis abbatissa 38, 140. annoti?
monialis 38, 258.

sympraht 39, 119. (8011. 381.)

syzo comes 0. 63.

Τῗὲξοέἒῖ, 23. 39, 8. (8011. 482.) 42,

Tagabraht 4, 98,

Tagewin 42, 59.

Το0111010 0. 51.

Tamo 0. 48. 10111100 0. 59.

Το05011 0. 59.

Το11044,37.Το110 7, 14.Το11107, 115.

· Το1110 ’1, 96.

Timo 0. 58.

Τί100110 0. 51.

Τί10101 42, 304.

Titolr 0. 51.

Thurino 41, 22. Tui-ino 41, 99.

Turinewart 41, 102.

Totlip 44, 68.

’1010 0. 51.

Trageboto 38, 286. .

’110001 42, 112. 11000100 4, 76.

Τ1010 0. 57. ’

Τ101010 0. 57.

1101010 0. 59.

Trutgoz 42, 207.

Τ10111010 0. 34. Τ101110118, 37.

Truthilt 4, 14. 57. 39, 91. (8011. 321.)
116. (8011. 327.) 160. (8011. 403.)

Τ10111011 42, 201.

’11010100 0. 59.

Trutwin 6, 66.

’1001510111 4, 52.

Tungolt 0. 51.

’1000 0. 50.

’10100110 0. 51.

’10110110 42, 85.

Tuto 6, 126. 38, 241. 0. 58. 59.·

Tyrolf 42, 77.

 

